32 32 32 32 32 32 32 32 32 32 32 32 32 32 32 32 32 32 32 32 32 32 32 32 44 32 32 32 32 32 44
32 32 32 32 32 32 32 32 32 32 32 32 32 32 32 32 32 32 32 32 32 32 32 32 124 92 45 45 45 47 124
32 32 32 32 32 32 32 32 32 32 32 32 32 32 32 32 32 32 32 32 32 32 32 47 32 32 44 32 44 32 124
32 32 32 32 32 32 32 32 32 32 32 32 32 32 32 32 32 32 95 95 46 45 39 124 32 32 47 32 92 32 47
32 32 32 32 32 32 32 32 32 95 95 32 95 95 95 46 45 39 32 32 32 32 32 32 32 32 46 95 124
32 32 32 32 32 32 46 45 39 32 32 39 32 32 32 32 32 32 32 32 58 32 32 32 32 32 32 95 47
32 32 32 32 32 47 32 44 32 32 32 32 46 32 32 32 32 32 32 32 32 46 32 32 32 32 32 124
32 32 32 32 58 32 32 59 32 32 32 32 58 32 32 32 32 32 32 32 32 58 32 32 32 95 47
32 32 32 32 124 32 32 124 32 32 32 46 39 32 32 32 32 32 95 95 58 32 32 32 47
32 32 32 32 124 32 32 58 32 32 32 47 39 45 45 45 45 39 124 32 92 32 32 124
32 32 32 32 92 32 32 124 92 32 32 124 32 32 32 32 32 32 124 32 47 124 32 124
32 32 32 32 32 39 46 39 124 32 47 32 32 32 32 32 32 32 124 124 32 92 32 124
32 32 32 32 32 124 32 47 124 46 39 32 32 32 32 32 32 32 39 46 108 32 92 92 95
32 32 32 32 32 124 124 32 124 124 32 32 32 32 32 32 32 32 32 32 32 32 32 39 45 39
32 32 32 32 32 39 45 39 39 45 39
